0 0
0 50
0 100
0 150
0 200
0 250
0 300
0 350
0 400
0 450
0 500
0 550
0 600
0 650
0 700
0 750
0 800
0 850
0 900
0 950
0 1000
0 1050
0 1100
0 1150
0 1200
0 1250
0 1300
0 1350
10 0
10 50
10 100
10 150
10 200
10 250
10 300
10 350
10 400
10 450
10 500
10 550
10 600
10 650
10 700
10 750
10 800
10 850
10 900
10 950
10 1000
10 1050
10 1100
10 1150
10 1200
10 1250
10 1300
10 1350
20 0
20 50
20 100
20 150
20 200
20 250
20 300
20 350
20 400
20 450
20 500
20 550
20 600
20 650
20 700
20 750
20 800
20 850
20 900
20 950
20 1000
20 1050
20 1100
20 1150
20 1200
20 1250
20 1300
20 1350
30 0
30 50
30 100
30 150
30 200
30 250
30 300
30 350
30 400
30 450
30 500
30 550
30 600
30 650
30 700
30 750
30 800
30 850
30 900
30 950
30 1000
30 1050
30 1100
30 1150
30 1200
30 1250
30 1300
30 1350
40 0
40 50
40 100
40 150
40 200
40 250
40 300
40 350
40 400
40 450
40 500
40 550
40 600
40 650
40 700
40 750
40 800
40 850
40 900
40 950
40 1000
40 1050
40 1100
40 1150
40 1200
40 1250
40 1300
40 1350
50 0
50 50
50 100
50 150
50 200
50 250
50 300
50 350
50 400
50 450
50 500
50 550
50 600
50 650
50 700
50 750
50 800
50 850
50 900
50 950
50 1000
50 1050
50 1100
50 1150
50 1200
50 1250
50 1300
50 1350
60 0
60 50
60 100
60 150
60 200
60 250
60 300
60 350
60 400
60 450
60 500
60 550
60 600
60 650
60 700
60 750
60 800
60 850
60 900
60 950
60 1000
60 1050
60 1100
60 1150
60 1200
60 1250
60 1300
60 1350
70 0
70 50
70 100
70 150
70 200
70 250
70 300
70 350
70 400
70 450
70 500
70 550
70 600
70 650
70 700
70 750
70 800
70 850
70 900
70 950
70 1000
70 1050
70 1100
70 1150
70 1200
70 1250
70 1300
70 1350
80 0
80 50
80 100
80 150
80 200
80 250
80 300
80 350
80 400
80 450
80 500
80 550
80 600
80 650
80 700
80 750
80 800
80 850
80 900
80 950
80 1000
80 1050
80 1100
80 1150
80 1200
80 1250
80 1300
80 1350
90 0
90 50
90 100
90 150
90 200
90 250
90 300
90 350
90 400
90 450
90 500
90 550
90 600
90 650
90 700
90 750
90 800
90 850
90 900
90 950
90 1000
90 1050
90 1100
90 1150
90 1200
90 1250
90 1300
90 1350
100 0
100 50
100 100
100 150
100 200
100 250
100 300
100 350
100 400
100 450
100 500
100 550
100 600
100 650
100 700
100 750
100 800
100 850
100 900
100 950
100 1000
100 1050
100 1100
100 1150
100 1200
100 1250
100 1300
100 1350
110 0
110 50
110 100
110 150
110 200
110 250
110 300
110 350
110 400
110 450
110 500
110 550
110 600
110 650
110 700
110 750
110 800
110 850
110 900
110 950
110 1000
110 1050
110 1100
110 1150
110 1200
110 1250
110 1300
110 1350
120 0
120 50
120 100
120 150
120 200
120 250
120 300
120 350
120 400
120 450
120 500
120 550
120 600
120 650
120 700
120 750
120 800
120 850
120 900
120 950
120 1000
120 1050
120 1100
120 1150
120 1200
120 1250
120 1300
120 1350
130 0
130 50
130 100
130 150
130 200
130 250
130 300
130 350
130 400
130 450
130 500
130 550
130 600
130 650
130 700
130 750
130 800
130 850
130 900
130 950
130 1000
130 1050
130 1100
130 1150
130 1200
130 1250
130 1300
130 1350
140 0
140 50
140 100
140 150
140 200
140 250
140 300
140 350
140 400
140 450
140 500
140 550
140 600
140 650
140 700
140 750
140 800
140 850
140 900
140 950
140 1000
140 1050
140 1100
140 1150
140 1200
140 1250
140 1300
140 1350
150 0
150 50
150 100
150 150
150 200
150 250
150 300
150 350
150 400
150 450
150 500
150 550
150 600
150 650
150 700
150 750
150 800
150 850
150 900
150 950
150 1000
150 1050
150 1100
150 1150
150 1200
150 1250
150 1300
150 1350
160 0
160 50
160 100
160 150
160 200
160 250
160 300
160 350
160 400
160 450
160 500
160 550
160 600
160 650
160 700
160 750
160 800
160 850
160 900
160 950
160 1000
160 1050
160 1100
160 1150
160 1200
160 1250
160 1300
160 1350
170 0
170 50
170 100
170 150
170 200
170 250
170 300
170 350
170 400
170 450
170 500
170 550
170 600
170 650
170 700
170 750
170 800
170 850
170 900
170 950
170 1000
170 1050
170 1100
170 1150
170 1200
170 1250
170 1300
170 1350
180 0
180 50
180 100
180 150
180 200
180 250
180 300
180 350
180 400
180 450
180 500
180 550
180 600
180 650
180 700
180 750
180 800
180 850
180 900
180 950
180 1000
180 1050
180 1100
180 1150
180 1200
180 1250
180 1300
180 1350
190 0
190 50
190 100
190 150
190 200
190 250
190 300
190 350
190 400
190 450
190 500
190 550
190 600
190 650
190 700
190 750
190 800
190 850
190 900
190 950
190 1000
190 1050
190 1100
190 1150
190 1200
190 1250
190 1300
190 1350
200 0
200 50
200 100
200 150
200 200
200 250
200 300
200 350
200 400
200 450
200 500
200 550
200 600
200 650
200 700
200 750
200 800
200 850
200 900
200 950
200 1000
200 1050
200 1100
200 1150
200 1200
200 1250
200 1300
200 1350
210 0
210 50
210 100
210 150
210 200
210 250
210 300
210 350
210 400
210 450
210 500
210 550
210 600
210 650
210 700
210 750
210 800
210 850
210 900
210 950
210 1000
210 1050
210 1100
210 1150
210 1200
210 1250
210 1300
210 1350
220 0
220 50
220 100
220 150
220 200
220 250
220 300
220 350
220 400
220 450
220 500
220 550
220 600
220 650
220 700
220 750
220 800
220 850
220 900
220 950
220 1000
220 1050
220 1100
220 1150
220 1200
220 1250
220 1300
220 1350
230 0
230 50
230 100
230 150
230 200
230 250
230 300
230 350
230 400
230 450
230 500
230 550
230 600
230 650
230 700
230 750
230 800
230 850
230 900
230 950
230 1000
230 1050
230 1100
230 1150
230 1200
230 1250
230 1300
230 1350
240 0
240 50
240 100
240 150
240 200
240 250
240 300
240 350
240 400
240 450
240 500
240 550
240 600
240 650
240 700
240 750
240 800
240 850
240 900
240 950
240 1000
240 1050
240 1100
240 1150
240 1200
240 1250
240 1300
240 1350
250 0
250 50
250 100
250 150
250 200
250 250
250 300
250 350
250 400
250 450
250 500
250 550
250 600
250 650
250 700
250 750
250 800
250 850
250 900
250 950
250 1000
250 1050
250 1100
250 1150
250 1200
250 1250
250 1300
250 1350
260 0
260 50
260 100
260 150
260 200
260 250
260 300
260 350
260 400
260 450
260 500
260 550
260 600
260 650
260 700
260 750
260 800
260 850
260 900
260 950
260 1000
260 1050
260 1100
260 1150
260 1200
260 1250
260 1300
260 1350
270 0
270 50
270 100
270 150
270 200
270 250
270 300
270 350
270 400
270 450
270 500
270 550
270 600
270 650
270 700
270 750
270 800
270 850
270 900
270 950
270 1000
270 1050
270 1100
270 1150
270 1200
270 1250
270 1300
270 1350
280 0
280 50
280 100
280 150
280 200
280 250
280 300
280 350
280 400
280 450
280 500
280 550
280 600
280 650
280 700
280 750
280 800
280 850
280 900
280 950
280 1000
280 1050
280 1100
280 1150
280 1200
280 1250
280 1300
280 1350
290 0
290 50
290 100
290 150
290 200
290 250
290 300
290 350
290 400
290 450
290 500
290 550
290 600
290 650
290 700
290 750
290 800
290 850
290 900
290 950
290 1000
290 1050
290 1100
290 1150
290 1200
290 1250
290 1300
290 1350
300 0
300 50
300 100
300 150
300 200
300 250
300 300
300 350
300 400
300 450
300 500
300 550
300 600
300 650
300 700
300 750
300 800
300 850
300 900
300 950
300 1000
300 1050
300 1100
300 1150
300 1200
300 1250
300 1300
300 1350
310 0
310 50
310 100
310 150
310 200
310 250
310 300
310 350
310 400
310 450
310 500
310 550
310 600
310 650
310 700
310 750
310 800
310 850
310 900
310 950
310 1000
310 1050
310 1100
310 1150
310 1200
310 1250
310 1300
310 1350
320 0
320 50
320 100
320 150
320 200
320 250
320 300
320 350
320 400
320 450
320 500
320 550
320 600
320 650
320 700
320 750
320 800
320 850
320 900
320 950
320 1000
320 1050
320 1100
320 1150
320 1200
320 1250
320 1300
320 1350
330 0
330 50
330 100
330 150
330 200
330 250
330 300
330 350
330 400
330 450
330 500
330 550
330 600
330 650
330 700
330 750
330 800
330 850
330 900
330 950
330 1000
330 1050
330 1100
330 1150
330 1200
330 1250
330 1300
330 1350
340 0
340 50
340 100
340 150
340 200
340 250
340 300
340 350
340 400
340 450
340 500
340 550
340 600
340 650
340 700
340 750
340 800
340 850
340 900
340 950
340 1000
340 1050
340 1100
340 1150
340 1200
340 1250
340 1300
340 1350
350 0
350 50
350 100
350 150
350 200
350 250
350 300
350 350
350 400
350 450
350 500
350 550
350 600
350 650
350 700
350 750
350 800
350 850
350 900
350 950
350 1000
350 1050
350 1100
350 1150
350 1200
350 1250
350 1300
350 1350
360 0
360 50
360 100
360 150
360 200
360 250
360 300
360 350
360 400
360 450
360 500
360 550
360 600
360 650
360 700
360 750
360 800
360 850
360 900
360 950
360 1000
360 1050
360 1100
360 1150
360 1200
360 1250
360 1300
360 1350
370 0
370 50
370 100
370 150
370 200
370 250
370 300
370 350
370 400
370 450
370 500
370 550
370 600
370 650
370 700
370 750
370 800
370 850
370 900
370 950
370 1000
370 1050
370 1100
370 1150
370 1200
370 1250
370 1300
370 1350
380 0
380 50
380 100
380 150
380 200
380 250
380 300
380 350
380 400
380 450
380 500
380 550
380 600
380 650
380 700
380 750
380 800
380 850
380 900
380 950
380 1000
380 1050
380 1100
380 1150
380 1200
380 1250
380 1300
380 1350
390 0
390 50
390 100
390 150
390 200
390 250
390 300
390 350
390 400
390 450
390 500
390 550
390 600
390 650
390 700
390 750
390 800
390 850
390 900
390 950
390 1000
390 1050
390 1100
390 1150
390 1200
390 1250
390 1300
390 1350
400 0
400 50
400 100
400 150
400 200
400 250
400 300
400 350
400 400
400 450
400 500
400 550
400 600
400 650
400 700
400 750
400 800
400 850
400 900
400 950
400 1000
400 1050
400 1100
400 1150
400 1200
400 1250
400 1300
400 1350
410 0
410 50
410 100
410 150
410 200
410 250
410 300
410 350
410 400
410 450
410 500
410 550
410 600
410 650
410 700
410 750
410 800
410 850
410 900
410 950
410 1000
410 1050
410 1100
410 1150
410 1200
410 1250
410 1300
410 1350
420 0
420 50
420 100
420 150
420 200
420 250
420 300
420 350
420 400
420 450
420 500
420 550
420 600
420 650
420 700
420 750
420 800
420 850
420 900
420 950
420 1000
420 1050
420 1100
420 1150
420 1200
420 1250
420 1300
420 1350
430 0
430 50
430 100
430 150
430 200
430 250
430 300
430 350
430 400
430 450
430 500
430 550
430 600
430 650
430 700
430 750
430 800
430 850
430 900
430 950
430 1000
430 1050
430 1100
430 1150
430 1200
430 1250
430 1300
430 1350
440 0
440 50
440 100
440 150
440 200
440 250
440 300
440 350
440 400
440 450
440 500
440 550
440 600
440 650
440 700
440 750
440 800
440 850
440 900
440 950
440 1000
440 1050
440 1100
440 1150
440 1200
440 1250
440 1300
440 1350
450 0
450 50
450 100
450 150
450 200
450 250
450 300
450 350
450 400
450 450
450 500
450 550
450 600
450 650
450 700
450 750
450 800
450 850
450 900
450 950
450 1000
450 1050
450 1100
450 1150
450 1200
450 1250
450 1300
450 1350
460 0
460 50
460 100
460 150
460 200
460 250
460 300
460 350
460 400
460 450
460 500
460 550
460 600
460 650
460 700
460 750
460 800
460 850
460 900
460 950
460 1000
460 1050
460 1100
460 1150
460 1200
460 1250
460 1300
460 1350
470 0
470 50
470 100
470 150
470 200
470 250
470 300
470 350
470 400
470 450
470 500
470 550
470 600
470 650
470 700
470 750
470 800
470 850
470 900
470 950
470 1000
470 1050
470 1100
470 1150
470 1200
470 1250
470 1300
470 1350
480 0
480 50
480 100
480 150
480 200
480 250
480 300
480 350
480 400
480 450
480 500
480 550
480 600
480 650
480 700
480 750
480 800
480 850
480 900
480 950
480 1000
480 1050
480 1100
480 1150
480 1200
480 1250
480 1300
480 1350
490 0
490 50
490 100
490 150
490 200
490 250
490 300
490 350
490 400
490 450
490 500
490 550
490 600
490 650
490 700
490 750
490 800
490 850
490 900
490 950
490 1000
490 1050
490 1100
490 1150
490 1200
490 1250
490 1300
490 1350
500 0
500 50
500 100
500 150
500 200
500 250
500 300
500 350
500 400
500 450
500 500
500 550
500 600
500 650
500 700
500 750
500 800
500 850
500 900
500 950
500 1000
500 1050
500 1100
500 1150
500 1200
500 1250
500 1300
500 1350
510 0
510 50
510 100
510 150
510 200
510 250
510 300
510 350
510 400
510 450
510 500
510 550
510 600
510 650
510 700
510 750
510 800
510 850
510 900
510 950
510 1000
510 1050
510 1100
510 1150
510 1200
510 1250
510 1300
510 1350
520 0
520 50
520 100
520 150
520 200
520 250
520 300
520 350
520 400
520 450
520 500
520 550
520 600
520 650
520 700
520 750
520 800
520 850
520 900
520 950
520 1000
520 1050
520 1100
520 1150
520 1200
520 1250
520 1300
520 1350
530 0
530 50
530 100
530 150
530 200
530 250
530 300
530 350
530 400
530 450
530 500
530 550
530 600
530 650
530 700
530 750
530 800
530 850
530 900
530 950
530 1000
530 1050
530 1100
530 1150
530 1200
530 1250
530 1300
530 1350
540 0
540 50
540 100
540 150
540 200
540 250
540 300
540 350
540 400
540 450
540 500
540 550
540 600
540 650
540 700
540 750
540 800
540 850
540 900
540 950
540 1000
540 1050
540 1100
540 1150
540 1200
540 1250
540 1300
540 1350
550 0
550 50
550 100
550 150
550 200
550 250
550 300
550 350
550 400
550 450
550 500
550 550
550 600
550 650
550 700
550 750
550 800
550 850
550 900
550 950
550 1000
550 1050
550 1100
550 1150
550 1200
550 1250
550 1300
550 1350
560 0
560 50
560 100
560 150
560 200
560 250
560 300
560 350
560 400
560 450
560 500
560 550
560 600
560 650
560 700
560 750
560 800
560 850
560 900
560 950
560 1000
560 1050
560 1100
560 1150
560 1200
560 1250
560 1300
560 1350
570 0
570 50
570 100
570 150
570 200
570 250
570 300
570 350
570 400
570 450
570 500
570 550
570 600
570 650
570 700
570 750
570 800
570 850
570 900
570 950
570 1000
570 1050
570 1100
570 1150
570 1200
570 1250
570 1300
570 1350
580 0
580 50
580 100
580 150
580 200
580 250
580 300
580 350
580 400
580 450
580 500
580 550
580 600
580 650
580 700
580 750
580 800
580 850
580 900
580 950
580 1000
580 1050
580 1100
580 1150
580 1200
580 1250
580 1300
580 1350
590 0
590 50
590 100
590 150
590 200
590 250
590 300
590 350
590 400
590 450
590 500
590 550
590 600
590 650
590 700
590 750
590 800
590 850
590 900
590 950
590 1000
590 1050
590 1100
590 1150
590 1200
590 1250
590 1300
590 1350
600 0
600 50
600 100
600 150
600 200
600 250
600 300
600 350
600 400
600 450
600 500
600 550
600 600
600 650
600 700
600 750
600 800
600 850
600 900
600 950
600 1000
600 1050
600 1100
600 1150
600 1200
600 1250
600 1300
600 1350
610 0
610 50
610 100
610 150
610 200
610 250
610 300
610 350
610 400
610 450
610 500
610 550
610 600
610 650
610 700
610 750
610 800
610 850
610 900
610 950
610 1000
610 1050
610 1100
610 1150
610 1200
610 1250
610 1300
610 1350
620 0
620 50
620 100
620 150
620 200
620 250
620 300
620 350
620 400
620 450
620 500
620 550
620 600
620 650
620 700
620 750
620 800
620 850
620 900
620 950
620 1000
620 1050
620 1100
620 1150
620 1200
620 1250
620 1300
620 1350
630 0
630 50
630 100
630 150
630 200
630 250
630 300
630 350
630 400
630 450
630 500
630 550
630 600
630 650
630 700
630 750
630 800
630 850
630 900
630 950
630 1000
630 1050
630 1100
630 1150
630 1200
630 1250
630 1300
630 1350
640 0
640 50
640 100
640 150
640 200
640 250
640 300
640 350
640 400
640 450
640 500
640 550
640 600
640 650
640 700
640 750
640 800
640 850
640 900
640 950
640 1000
640 1050
640 1100
640 1150
640 1200
640 1250
640 1300
640 1350
650 0
650 50
650 100
650 150
650 200
650 250
650 300
650 350
650 400
650 450
650 500
650 550
650 600
650 650
650 700
650 750
650 800
650 850
650 900
650 950
650 1000
650 1050
650 1100
650 1150
650 1200
650 1250
650 1300
650 1350
660 0
660 50
660 100
660 150
660 200
660 250
660 300
660 350
660 400
660 450
660 500
660 550
660 600
660 650
660 700
660 750
660 800
660 850
660 900
660 950
660 1000
660 1050
660 1100
660 1150
660 1200
660 1250
660 1300
660 1350
670 0
670 50
670 100
670 150
670 200
670 250
670 300
670 350
670 400
670 450
670 500
670 550
670 600
670 650
670 700
670 750
670 800
670 850
670 900
670 950
670 1000
670 1050
670 1100
670 1150
670 1200
670 1250
670 1300
670 1350
680 0
680 50
680 100
680 150
680 200
680 250
680 300
680 350
680 400
680 450
680 500
680 550
680 600
680 650
680 700
680 750
680 800
680 850
680 900
680 950
680 1000
680 1050
680 1100
680 1150
680 1200
680 1250
680 1300
680 1350
690 0
690 50
690 100
690 150
690 200
690 250
690 300
690 350
690 400
690 450
690 500
690 550
690 600
690 650
690 700
690 750
690 800
690 850
690 900
690 950
690 1000
690 1050
690 1100
690 1150
690 1200
690 1250
690 1300
690 1350
700 0
700 50
700 100
700 150
700 200
700 250
700 300
700 350
700 400
700 450
700 500
700 550
700 600
700 650
700 700
700 750
700 800
700 850
700 900
700 950
700 1000
700 1050
700 1100
700 1150
700 1200
700 1250
700 1300
700 1350
710 0
710 50
710 100
710 150
710 200
710 250
710 300
710 350
710 400
710 450
710 500
710 550
710 600
710 650
710 700
710 750
710 800
710 850
710 900
710 950
710 1000
710 1050
710 1100
710 1150
710 1200
710 1250
710 1300
710 1350
720 0
720 50
720 100
720 150
720 200
720 250
720 300
720 350
720 400
720 450
720 500
720 550
720 600
720 650
720 700
720 750
720 800
720 850
720 900
720 950
720 1000
720 1050
720 1100
720 1150
720 1200
720 1250
720 1300
720 1350
730 0
730 50
730 100
730 150
730 200
730 250
730 300
730 350
730 400
730 450
730 500
730 550
730 600
730 650
730 700
730 750
730 800
730 850
730 900
730 950
730 1000
730 1050
730 1100
730 1150
730 1200
730 1250
730 1300
730 1350
740 0
740 50
740 100
740 150
740 200
740 250
740 300
740 350
740 400
740 450
740 500
740 550
740 600
740 650
740 700
740 750
740 800
740 850
740 900
740 950
740 1000
740 1050
740 1100
740 1150
740 1200
740 1250
740 1300
740 1350
750 0
750 50
750 100
750 150
750 200
750 250
750 300
750 350
750 400
750 450
750 500
750 550
750 600
750 650
750 700
750 750
750 800
750 850
750 900
750 950
750 1000
750 1050
750 1100
750 1150
750 1200
750 1250
750 1300
750 1350
760 0
760 50
760 100
760 150
760 200
760 250
760 300
760 350
760 400
760 450
760 500
760 550
760 600
760 650
760 700
760 750
760 800
760 850
760 900
760 950
760 1000
760 1050
760 1100
760 1150
760 1200
760 1250
760 1300
760 1350
770 0
770 50
770 100
770 150
770 200
770 250
770 300
770 350
770 400
770 450
770 500
770 550
770 600
770 650
770 700
770 750
770 800
770 850
770 900
770 950
770 1000
770 1050
770 1100
770 1150
770 1200
770 1250
770 1300
770 1350
780 0
780 50
780 100
780 150
780 200
780 250
780 300
780 350
780 400
780 450
780 500
780 550
780 600
780 650
780 700
780 750
780 800
780 850
780 900
780 950
780 1000
780 1050
780 1100
780 1150
780 1200
780 1250
780 1300
780 1350
790 0
790 50
790 100
790 150
790 200
790 250
790 300
790 350
790 400
790 450
790 500
790 550
790 600
790 650
790 700
790 750
790 800
790 850
790 900
790 950
790 1000
790 1050
790 1100
790 1150
790 1200
790 1250
790 1300
790 1350
800 0
800 50
800 100
800 150
800 200
800 250
800 300
800 350
800 400
800 450
800 500
800 550
800 600
800 650
800 700
800 750
800 800
800 850
800 900
800 950
800 1000
800 1050
800 1100
800 1150
800 1200
800 1250
800 1300
800 1350
810 0
810 50
810 100
810 150
810 200
810 250
810 300
810 350
810 400
810 450
810 500
810 550
810 600
810 650
810 700
810 750
810 800
810 850
810 900
810 950
810 1000
810 1050
810 1100
810 1150
810 1200
810 1250
810 1300
810 1350
820 0
820 50
820 100
820 150
820 200
820 250
820 300
820 350
820 400
820 450
820 500
820 550
820 600
820 650
820 700
820 750
820 800
820 850
820 900
820 950
820 1000
820 1050
820 1100
820 1150
820 1200
820 1250
820 1300
820 1350
830 0
830 50
830 100
830 150
830 200
830 250
830 300
830 350
830 400
830 450
830 500
830 550
830 600
830 650
830 700
830 750
830 800
830 850
830 900
830 950
830 1000
830 1050
830 1100
830 1150
830 1200
830 1250
830 1300
830 1350
840 0
840 50
840 100
840 150
840 200
840 250
840 300
840 350
840 400
840 450
840 500
840 550
840 600
840 650
840 700
840 750
840 800
840 850
840 900
840 950
840 1000
840 1050
840 1100
840 1150
840 1200
840 1250
840 1300
840 1350
850 0
850 50
850 100
850 150
850 200
850 250
850 300
850 350
850 400
850 450
850 500
850 550
850 600
850 650
850 700
850 750
850 800
850 850
850 900
850 950
850 1000
850 1050
850 1100
850 1150
850 1200
850 1250
850 1300
850 1350
860 0
860 50
860 100
860 150
860 200
860 250
860 300
860 350
860 400
860 450
860 500
860 550
860 600
860 650
860 700
860 750
860 800
860 850
860 900
860 950
860 1000
860 1050
860 1100
860 1150
860 1200
860 1250
860 1300
860 1350
870 0
870 50
870 100
870 150
870 200
870 250
870 300
870 350
870 400
870 450
870 500
870 550
870 600
870 650
870 700
870 750
870 800
870 850
870 900
870 950
870 1000
870 1050
870 1100
870 1150
870 1200
870 1250
870 1300
870 1350
880 0
880 50
880 100
880 150
880 200
880 250
880 300
880 350
880 400
880 450
880 500
880 550
880 600
880 650
880 700
880 750
880 800
880 850
880 900
880 950
880 1000
880 1050
880 1100
880 1150
880 1200
880 1250
880 1300
880 1350
890 0
890 50
890 100
890 150
890 200
890 250
890 300
890 350
890 400
890 450
890 500
890 550
890 600
890 650
890 700
890 750
890 800
890 850
890 900
890 950
890 1000
890 1050
890 1100
890 1150
890 1200
890 1250
890 1300
890 1350
900 0
900 50
900 100
900 150
900 200
900 250
900 300
900 350
900 400
900 450
900 500
900 550
900 600
900 650
900 700
900 750
900 800
900 850
900 900
900 950
900 1000
900 1050
900 1100
900 1150
900 1200
900 1250
900 1300
900 1350
910 0
910 50
910 100
910 150
910 200
910 250
910 300
910 350
910 400
910 450
910 500
910 550
910 600
910 650
910 700
910 750
910 800
910 850
910 900
910 950
910 1000
910 1050
910 1100
910 1150
910 1200
910 1250
910 1300
910 1350
920 0
920 50
920 100
920 150
920 200
920 250
920 300
920 350
920 400
920 450
920 500
920 550
920 600
920 650
920 700
920 750
920 800
920 850
920 900
920 950
920 1000
920 1050
920 1100
920 1150
920 1200
920 1250
920 1300
920 1350
930 0
930 50
930 100
930 150
930 200
930 250
930 300
930 350
930 400
930 450
930 500
930 550
930 600
930 650
930 700
930 750
930 800
930 850
930 900
930 950
930 1000
930 1050
930 1100
930 1150
930 1200
930 1250
930 1300
930 1350
940 0
940 50
940 100
940 150
940 200
940 250
940 300
940 350
940 400
940 450
940 500
940 550
940 600
940 650
940 700
940 750
940 800
940 850
940 900
940 950
940 1000
940 1050
940 1100
940 1150
940 1200
940 1250
940 1300
940 1350